1 0.115 0.1525 0.105 0.10833333333333334
1 0.2825 0.13333333333333333 0.115 0.11666666666666667
1 0.43625 0.11583333333333333 0.1075 0.125
1 0.66125 0.08666666666666667 0.1225 0.12333333333333334
1 0.8875 0.06416666666666666 0.165 0.12833333333333333
1 0.115 0.37666666666666665 0.1 0.11
1 0.88625 0.3591666666666667 0.1875 0.13166666666666665
1 0.88375 0.6491666666666667 0.1775 0.13166666666666665
1 0.88375 0.9325 0.1625 0.12833333333333333
1 0.12 0.8316666666666667 0.1 0.07333333333333333
1 0.0175 0.5841666666666666 0.035 0.115