5 0.83 0.3747323340471092 0.04857142857142857 0.059957173447537475
5 0.2714285714285714 0.8982869379014989 0.04285714285714286 0.09635974304068523
5 0.3692857142857143 0.8308351177730193 0.027142857142857142 0.06423982869379015
5 0.38571428571428573 0.9389721627408993 0.02857142857142857 0.06638115631691649
5 0.42214285714285715 0.7901498929336188 0.024285714285714285 0.055674518201284794
5 0.43357142857142855 0.8768736616702355 0.015714285714285715 0.04068522483940043
5 0.45714285714285713 0.7665952890792291 0.017142857142857144 0.047109207708779445
5 0.4607142857142857 0.9336188436830836 0.018571428571428572 0.042826552462526764
5 0.4657142857142857 0.6798715203426124 0.017142857142857144 0.044967880085653104
5 0.455 0.6038543897216274 0.015714285714285715 0.047109207708779445
5 0.4614285714285714 0.5310492505353319 0.017142857142857144 0.05139186295503212
5 0.455 0.4400428265524625 0.018571428571428572 0.044967880085653104
5 0.46285714285714286 0.37794432548179874 0.014285714285714285 0.044967880085653104
5 0.4542857142857143 0.2944325481798715 0.011428571428571429 0.04068522483940043
5 0.4328571428571429 0.32548179871520344 0.02 0.047109207708779445
5 0.42214285714285715 0.22805139186295503 0.018571428571428572 0.05353319057815846
5 0.38785714285714284 0.2462526766595289 0.015714285714285715 0.055674518201284794
5 0.37 0.11241970021413276 0.022857142857142857 0.06638115631691649
5 0.3157142857142857 0.11991434689507495 0.022857142857142857 0.0728051391862955